#####################  MODEL 1111111111111111111   #################
index : 0
|11 ||19 || 4 ||12 ||20 |
|24 || 7 ||15 ||23 || 6 |
|17 || 2 ||10 ||18 || 3 |
|14 ||22 || 5 ||13 ||21 |
|25 || 8 ||16 || 1 || 9 |
----------------------------------
 -----------------------



index : 1
| 5 ||24 ||19 ||12 ||25 |
| 8 ||14 || 3 || 9 ||17 |
|22 ||11 || 6 ||23 ||20 |
| 4 || 1 ||18 ||13 || 2 |
| 7 ||15 ||21 ||10 ||16 |
----------------------------------
 -----------------------



index : 2
| 5 ||24 ||12 ||17 ||25 |
|10 ||19 || 3 || 9 ||20 |
|13 ||16 || 6 ||23 ||15 |
| 4 || 1 ||11 ||18 || 2 |
| 7 ||22 ||14 || 8 ||21 |
----------------------------------
 -----------------------



index : 3
|25 ||20 ||15 || 2 ||21 |
|17 || 9 ||23 ||18 || 8 |
|12 || 3 || 6 ||11 ||14 |
|24 ||19 ||16 || 1 ||22 |
| 5 ||10 ||13 || 4 || 7 |
----------------------------------
 -----------------------



index : 4
|25 ||17 ||20 || 2 ||16 |
|12 || 9 ||23 ||13 ||10 |
|19 || 3 || 6 ||18 ||21 |
|24 ||14 ||11 || 1 ||15 |
| 5 || 8 ||22 || 4 || 7 |
----------------------------------
 -----------------------



index : 5
|11 ||24 ||17 ||14 ||25 |
|19 || 7 || 2 ||22 || 8 |
| 4 ||15 ||10 || 5 ||16 |
|12 ||23 ||18 ||13 || 1 |
|20 || 6 || 3 ||21 || 9 |
----------------------------------
 -----------------------



index : 6
| 9 ||21 || 3 || 6 ||20 |
| 1 ||13 ||18 ||23 ||12 |
|16 || 5 ||10 ||15 || 4 |
| 8 ||22 || 2 || 7 ||19 |
|25 ||14 ||17 ||24 ||11 |
----------------------------------
 -----------------------



index : 7
| 7 ||22 ||14 || 8 ||21 |
| 4 || 1 ||11 ||18 || 2 |
|13 ||16 || 6 ||23 ||15 |
|10 ||19 || 3 || 9 ||20 |
| 5 ||24 ||12 ||17 ||25 |
----------------------------------
 -----------------------



index : 8
| 7 ||15 ||21 ||10 ||16 |
| 4 || 1 ||18 ||13 || 2 |
|22 ||11 || 6 ||23 ||20 |
| 8 ||14 || 3 || 9 ||17 |
| 5 ||24 ||19 ||12 ||25 |
----------------------------------
 -----------------------



index : 9
| 7 || 4 ||22 || 8 || 5 |
|15 || 1 ||11 ||14 ||24 |
|21 ||18 || 6 || 3 ||19 |
|10 ||13 ||23 || 9 ||12 |
|16 || 2 ||20 ||17 ||25 |
----------------------------------
 -----------------------



index : 10
| 7 || 4 ||13 ||10 || 5 |
|22 || 1 ||16 ||19 ||24 |
|14 ||11 || 6 || 3 ||12 |
| 8 ||18 ||23 || 9 ||17 |
|21 || 2 ||15 ||20 ||25 |
----------------------------------
 -----------------------



index : 11
|25 || 8 ||16 || 1 || 9 |
|14 ||22 || 5 ||13 ||21 |
|17 || 2 ||10 ||18 || 3 |
|24 || 7 ||15 ||23 || 6 |
|11 ||19 || 4 ||12 ||20 |
----------------------------------
 -----------------------
AAAAAAAAAAAAAAAAAAAAAAAAAAAAAAAAAAAAAAAAAAAAAAAAAAAAAAAAAA
